size,stride,ns
4096,4,-78125000.000000
4096,8,156250000.000000
4096,16,126953125.000000
4096,32,78125000.000000
4096,64,58593750.000000
4096,128,39062500.000000
4096,256,19531250.000000
4096,512,166015625.000000
4096,1024,185546875.000000
4096,2048,48828125.000000
4096,4096,400390625.000000
8192,4,-78125000.000000
8192,8,53710937.500000
8192,16,9765625.000000
8192,32,92773437.500000
8192,64,53710937.500000
8192,128,73242187.500000
8192,256,58593750.000000
8192,512,87890625.000000
8192,1024,-502929687.500000
8192,2048,-532226562.500000
8192,4096,73242187.500000
8192,8192,288085937.500000
16384,4,-246582031.250000
16384,8,224609375.000000
16384,16,70800781.250000
16384,32,78125000.000000
16384,64,493164062.500000
16384,128,139160156.250000
16384,256,153808593.750000
16384,512,56152343.750000
16384,1024,131835937.500000
16384,2048,297851562.500000
16384,4096,251464843.750000
16384,8192,-21972656.250000
16384,16384,122070312.500000
32768,4,-316162109.375000
32768,8,147705078.125000
32768,16,161132812.500000
32768,32,178222656.250000
32768,64,163574218.750000
32768,128,152587890.625000
32768,256,142822265.625000
32768,512,192871093.750000
32768,1024,301513671.875000
32768,2048,463867187.500000
32768,4096,701904296.875000
32768,8192,274658203.125000
32768,16384,349121093.750000
32768,32768,-1395263671.875000
65536,4,-87890625.000000
65536,8,-323486328.125000
65536,16,294799804.687500
65536,32,205688476.562500
65536,64,367431640.625000
65536,128,1024780273.437500
65536,256,1176147460.937500
65536,512,1099243164.062500
65536,1024,2739257812.500000
65536,2048,2786865234.375000
65536,4096,4371948242.187500
65536,8192,739746093.750000
65536,16384,296630859.375000
65536,32768,-322265625.000000
65536,65536,115356445.312500
131072,4,-342102050.781250
131072,8,109863281.250000
131072,16,4739990234.375000
131072,32,-6940307617.187500
131072,64,895996093.750000
131072,128,1289672851.562500
131072,256,1415405273.437500
131072,512,638427734.375000
131072,1024,2947082519.531250
131072,2048,3173828125.000000
131072,4096,4524841308.593750
131072,8192,4937133789.062500
131072,16384,666503906.250000
131072,32768,-288696289.062500
131072,65536,400695800.781250
131072,131072,810852050.781250
262144,4,-201263427.734375
262144,8,1043853759.765625
262144,16,471496582.031250
262144,32,185241699.218750
262144,64,-3698883056.640625
262144,128,2129974365.234375
262144,256,2042083740.234375
262144,512,2424316406.250000
262144,1024,3619384765.625000
262144,2048,3326568603.515625
262144,4096,5065002441.406250
262144,8192,3944091796.875000
262144,16384,3842926025.390625
262144,32768,998382568.359375
262144,65536,280609130.859375
262144,131072,823059082.031250
262144,262144,41503906.250000
524288,4,-405426025.390625
524288,8,123977661.132812
524288,16,448760986.328125
524288,32,433807373.046875
524288,64,1487655639.648438
524288,128,3242721557.617188
524288,256,4102706909.179688
524288,512,3572692871.093750
524288,1024,3792953491.210938
524288,2048,5843505859.375000
524288,4096,5737304687.500000
524288,8192,4813842773.437500
524288,16384,6788635253.906250
524288,32768,5781402587.890625
524288,65536,1467590332.031250
524288,131072,-6484985.351562
524288,262144,332412719.726562
524288,524288,163955688.476562
1048576,4,-298233032.226562
1048576,8,88615417.480469
1048576,16,562896728.515625
1048576,32,552673339.843750
1048576,64,1745643615.722656
1048576,128,3181533813.476562
1048576,256,4086914062.500000
1048576,512,4122009277.343750
1048576,1024,23390197753.906250
1048576,2048,8098526000.976562
1048576,4096,2115058898.925781
1048576,8192,10288276672.363281
1048576,16384,5531463623.046875
1048576,32768,6585960388.183594
1048576,65536,4788208007.812500
1048576,131072,636215209.960938
1048576,262144,95176696.777344
1048576,524288,339660644.531250
1048576,1048576,473785400.390625
2097152,4,-47321319.580078
2097152,8,259323120.117188
2097152,16,769557952.880859
2097152,32,653285980.224609
2097152,64,1600856781.005859
2097152,128,2959060668.945312
2097152,256,3703174591.064453
2097152,512,4533653259.277344
2097152,1024,5237388610.839844
2097152,2048,4127464294.433594
2097152,4096,4509506225.585938
2097152,8192,5095062255.859375
2097152,16384,5180072784.423828
2097152,32768,5155258178.710938
2097152,65536,7485752105.712891
2097152,131072,5866508483.886719
2097152,262144,1382579803.466797
2097152,524288,1307487487.792969
2097152,1048576,651531219.482422
2097152,2097152,788688659.667969
4194304,4,49428939.819336
4194304,8,578670501.708984
4194304,16,937509536.743164
4194304,32,1621837615.966797
4194304,64,3301677703.857422
4194304,128,6869287490.844727
4194304,256,5887775421.142578
4194304,512,7100601196.289062
4194304,1024,7752637863.159180
4194304,2048,6821117401.123047
4194304,4096,7093143463.134766
4194304,8192,7614212036.132812
4194304,16384,8390197753.906250
4194304,32768,9264297485.351562
4194304,65536,11555490493.774414
4194304,131072,11708021163.940430
4194304,262144,7800426483.154297
4194304,524288,2527246475.219727
4194304,1048576,3714866638.183594
4194304,2097152,475044250.488281
4194304,4194304,396051406.860352
8388608,4,22392272.949219
8388608,8,542464256.286621
8388608,16,1349582672.119141
8388608,32,3492588996.887207
8388608,64,6999459266.662598
8388608,128,10221157073.974609
8388608,256,11791915893.554688
8388608,512,12955346107.482910
8388608,1024,12753539085.388184
